[position]
latitude = 50.067546
longitude = 19.916467
